Qplus sensor tuning for ncAFM in May 2025
23414.37	166.675	0.100765622303756
23414.48	166.633	0.101922653853214
23414.59	166.622	0.102649948348728
23414.70	166.629	0.103387517181909
23414.81	166.634	0.10413577724689
23414.92	166.640	0.10489719249064
23415.03	166.644	0.105681811419375
23415.14	166.647	0.106471062873054
23415.25	166.653	0.107269422751582
23415.36	166.660	0.108082589822243
23415.47	166.668	0.10892349277009
23415.58	166.674	0.109766145083862
23415.69	166.683	0.110629955685436
23415.80	166.686	0.111497616349021
23415.91	166.691	0.112373980132914
23416.02	166.698	0.113277567202957
23416.13	166.706	0.114184028160347
23416.24	166.711	0.115115139845896
23416.35	166.720	0.116054594049918
23416.46	166.728	0.117026746131577
23416.57	166.735	0.118018878005236
23416.68	166.744	0.119013740055319
23416.79	166.752	0.120024329842162
23416.89	166.760	0.121053228864297
23417.00	166.768	0.122099638102233
23417.11	166.775	0.123166221175029
23417.22	166.784	0.124266923009274
23417.33	166.795	0.125382204217412
23417.44	166.801	0.126514421459918
23417.55	166.809	0.127657160063937
23417.66	166.819	0.128828938539656
23417.77	166.831	0.130045994234692
23417.88	166.843	0.131271797752742
23417.99	166.852	0.132496983380046
23418.10	166.862	0.133767819742616
23418.21	166.874	0.1350472668399
23418.32	166.883	0.136362817498813
23418.43	166.894	0.13771536577349
23418.54	166.905	0.139091535951809
23418.65	166.916	0.140479888445545
23418.76	166.926	0.141919071890433
23418.87	166.938	0.143380270921699
23418.98	166.951	0.144887404798768
23419.09	166.959	0.146418142698396
23419.20	166.971	0.147984075866878
23419.31	166.983	0.149568442775969
23419.42	166.996	0.151189226165635
23419.53	167.008	0.152853282437701
23419.64	167.021	0.154563988798877
23419.75	167.035	0.156317874332333
23419.86	167.050	0.158098480825967
23419.97	167.063	0.159928508976531
23420.07	167.075	0.161813317148473
23420.18	167.091	0.163752932163419
23420.29	167.108	0.1657153518503
23420.40	167.124	0.1677271186896
23420.51	167.138	0.169782456429343
23420.62	167.153	0.171894882505789
23420.73	167.167	0.174073848726801
23420.84	167.182	0.176292461943998
23420.95	167.199	0.178584497866944
23421.06	167.213	0.180940369586265
23421.17	167.230	0.183347898428983
23421.28	167.246	0.185820660441575
23421.39	167.263	0.188425444116977
23421.50	167.281	0.191059595483928
23421.61	167.299	0.193746401010204
23421.72	167.318	0.196518601951623
23421.83	167.339	0.199397438054254
23421.94	167.357	0.202340701684643
23422.05	167.377	0.205400329109757
23422.16	167.400	0.208537549506465
23422.27	167.423	0.21179771625425
23422.38	167.442	0.215132120952704
23422.49	167.468	0.218669866674584
23422.60	167.490	0.222258079434468
23422.71	167.516	0.225963683489071
23422.82	167.540	0.229765758633895
23422.93	167.564	0.233728855908621
23423.04	167.593	0.237830220642118
23423.14	167.621	0.242055095311929
23423.25	167.650	0.246491214774851
23423.36	167.684	0.25108061551452
23423.47	167.730	0.255840059721446
23423.58	168.476	0.267262550980814
23423.69	167.828	0.266101563076242
23423.80	167.817	0.271417264586811
23423.91	167.867	0.277025945319517
23424.02	167.902	0.282855028939855
23424.13	167.943	0.288925591283971
23424.24	167.985	0.295284047006719
23424.35	168.030	0.301923414869829
23424.46	168.076	0.308863812746996
23424.57	168.123	0.31616206572565
23424.68	168.175	0.323819123158829
23424.79	168.231	0.331862362970935
23424.90	168.293	0.34045374240627
23425.01	168.354	0.349314632804958
23425.12	168.411	0.358691276543661
23425.23	168.486	0.368534210905185
23425.34	168.560	0.379011287930762
23425.45	168.633	0.390084724230381
23425.56	168.712	0.401869650797457
23425.67	168.796	0.414396382689789
23425.78	168.889	0.427771996135296
23425.89	168.988	0.441911483804555
23426.00	169.103	0.456921600397128
23426.11	169.212	0.473578045492793
23426.21	169.335	0.491210154978343
23426.32	169.473	0.510173577959469
23426.43	169.622	0.530650730288132
23426.54	169.786	0.553009106956181
23426.65	169.973	0.577208319564761
23426.76	170.163	0.603281307386127
23426.87	170.368	0.632179626143714
23426.98	170.593	0.664170639415298
23427.09	170.848	0.699299588989159
23427.20	171.147	0.737582302603669
23427.31	171.451	0.783254967693628
23427.42	171.865	0.83354087298007
23427.53	172.349	0.890548318314044
23427.64	172.833	0.954726847359896
23427.75	173.352	1.03024820512377
23427.86	174.027	1.11913615632031
23427.97	175.029	1.22903266211308
23428.08	176.036	1.35590509265048
23428.19	177.422	1.51415436795817
23428.30	179.531	1.70902247014747
23428.41	-177.276	1.96667738029157
23428.52	-174.323	2.26871126912616
23428.63	-169.209	2.53403234446604
23428.74	-164.520	3.02029481412611
23428.85	-155.590	3.5072051660755
23428.96	-145.902	4.30523168691667
23429.07	-129.601	5.01685935327406
23429.18	-105.198	5.35666537862546
23429.28	-75.360	5.44141385652769
23429.39	-51.966	4.95593998036369
23429.50	-40.715	3.60594509615011
23429.61	-34.045	2.77921686369149
23429.72	-29.473	2.33062135170186
23429.83	-27.563	1.98591545008036
23429.94	-26.116	1.7366135774533
23430.05	-25.135	1.54698282551262
23430.16	-23.970	1.39004593988578
23430.27	-22.968	1.25406107019618
23430.38	-22.453	1.14011859393959
23430.49	-21.996	1.04832671583894
23430.60	-21.560	0.967825448727857
23430.71	-21.147	0.897970735213054
23430.82	-20.015	0.842251711955356
23430.93	-19.141	0.794602127607233
23431.04	-18.832	0.749616596763304
23431.15	-18.556	0.708674171105252
23431.26	-18.353	0.672113566022321
23431.37	-18.153	0.639325395540587
23431.48	-17.970	0.609279462934895
23431.59	-17.814	0.582043909368975
23431.70	-17.661	0.557182328145036
23431.81	-17.507	0.534315019438893
23431.92	-17.358	0.513096051188776
23432.03	-17.233	0.493143058295784
23432.14	-17.129	0.474938151505092
23432.25	-17.020	0.458123337633519
23432.35	-16.918	0.442422647335545
23432.46	-16.825	0.427749144442735
23432.57	-16.735	0.414053327495549
23432.68	-16.650	0.401129960075795
23432.79	-16.573	0.389082705773644
23432.90	-16.499	0.377644285780901
23433.01	-16.430	0.366844324415765
23433.12	-16.366	0.356701680591255
23433.23	-16.302	0.346931893103224
23433.34	-16.247	0.337736872819613
23433.45	-16.191	0.32911275245959
23433.56	-16.136	0.320914194251832
23433.67	-16.082	0.31303584418159
23433.78	-16.035	0.305555732975852
23433.89	-15.993	0.298427163193751
23434.00	-15.950	0.291680577047454
23434.11	-15.908	0.28519032913579
23434.22	-15.868	0.278960039384613
23434.33	-15.827	0.27297891920956
23434.44	-15.790	0.267164024559476
23434.55	-15.756	0.261699339192368
23434.66	-15.719	0.256425742002329
23434.77	-15.686	0.251376183188943
23434.88	-15.652	0.246513308839314
23434.99	-15.620	0.241840275957935
23435.10	-15.589	0.237308569524993
23435.21	-15.560	0.232959948160088
23435.32	-15.533	0.228777893054116
23435.43	-15.506	0.224726552967392
23435.53	-15.479	0.220761926197833
23435.64	-15.454	0.216978732151817
23435.75	-15.429	0.213356881101798
23435.86	-15.404	0.20981011834727
23435.97	-15.380	0.206409367215979
23436.08	-15.356	0.203089594541272
23436.19	-15.337	0.199888352252479
23436.30	-15.316	0.196773508706246
23436.41	-15.295	0.193770535173752
23436.52	-15.275	0.190859969089869
23436.63	-15.254	0.188032935146085
23436.74	-15.235	0.185234187088347
23436.85	-15.216	0.182562171204252
23436.96	-15.197	0.179955108021936
23437.07	-15.182	0.177421474830257
23437.18	-15.164	0.17496570812451
23437.29	-15.151	0.172589637404361
23437.40	-15.134	0.170277542880198
23437.51	-15.117	0.168011764333804
23437.62	-15.101	0.165793251449349
23437.73	-15.086	0.163644321804831
23437.84	-15.071	0.161531552676502
23437.95	-15.054	0.15945002411757
23438.06	-15.040	0.157445707729396
23438.17	-15.029	0.155500676070917
23438.28	-15.018	0.153602366025879
23438.39	-15.006	0.151748257686147
23438.50	-14.995	0.149957213938314
23438.60	-14.980	0.148195673976937
23438.71	-14.966	0.146467957076883
23438.82	-14.955	0.144783005104026
23438.93	-14.941	0.143127863876212
23439.04	-14.929	0.141499919444054
23439.15	-14.919	0.139900066523951
23439.26	-14.906	0.138360995377522
23439.37	-14.896	0.136855005558615
23439.48	-14.887	0.135379656630571
23439.59	-14.877	0.133932657165757
23439.70	-14.866	0.132512574359636
23439.81	-14.855	0.131120075772631
23439.92	-14.846	0.12977061198472
23440.03	-14.836	0.128437887539266
23440.14	-14.824	0.127133692030131
23440.25	-14.815	0.12585214423676
23440.36	-14.806	0.124572197793685
23440.47	-14.795	0.123344586299495
23440.58	-14.783	0.122136738699788
23440.69	-14.770	0.120961959513487
23440.80	-14.760	0.11980014311875
23440.91	-14.750	0.118663192356296
23441.02	-14.741	0.117531664859999
23441.13	-14.734	0.116449855383021
23441.24	-14.725	0.11536744887656
23441.35	-14.716	0.11431318454522
23441.46	-14.707	0.113262503715306
23441.57	-14.700	0.112232319904265
23441.67	-14.691	0.111226814636402
23441.78	-14.683	0.110238884486046
23441.89	-14.674	0.109282614448268
23442.00	-14.667	0.10832826927593
23442.11	-14.659	0.107384922293977
23442.22	-14.651	0.106475491421203
23442.33	-14.644	0.105571055661994
